0 0.12293243957299183 0.1447168854549712 0.15743774775569364 0.08752507827728648 0.30368104661272355 0.17575685801194849 0.26917601672857927 0.23294842234671595
0 0.9532049276683665 0.3527777765625 0.9000921006477256 0.35277777656249987 0.9000926038877424 0.1361111109375 0.953204638770444 0.1361111109375
0 0.7579835579140308 0.5978628043552147 0.6604402165307874 0.4920091219121087 0.8914711312295367 0.2791305954012151 0.9890125925992379 0.38498197485560437
0 0.29764696248059863 0.7007262412992943 0.2133588072913426 0.7248562390967698 0.0676290383507876 0.21584161587941036 0.15191094111435177 0.1917126005255145
0 0.4788425275961572 0.45980185021884257 0.5463709670219714 0.35423694314771703 0.7973532026082921 0.5147765279901297 0.729827458731279 0.6203390782459781
0 0.7351343894898719 0.6436246621263512 0.5135343918875606 0.788672296444981 0.38459076260062375 0.5916914577175968 0.6061837203026244 0.44664690424113745
0 0.8207241180538176 0.662823326497975 0.8155105916363254 0.6256896765642516 0.8412340642950085 0.6220785921388118 0.8464476691034406 0.6592121476542236
0 0.5767053219024092 0.8879002477678085 0.49476848170854737 0.8469494417743128 0.555028082586432 0.7264062261333548 0.6369626379076863 0.7673563455675775
0 0.7272167650187384 0.9430555601260244 0.7038170994973143 0.9419924604369679 0.7067653178165756 0.8771216214276979 0.7301645628892857 0.8781847115535134
0 0.5772521953124397 0.9694444453125175 0.5694741971627764 0.9496203860869888 0.6048824706716687 0.9357317152531197 0.61266051200721 0.9555556649371604
0 0.6524576445556249 0.9430554528485763 0.6599038154257642 0.9637209748076915 0.6167412522340783 0.9792686685148685 0.6092952450990197 0.9586032854622385