0 0.8597396837967608 0.28630082497782433 0.8287662374444835 0.07012542311872982 0.9903068172700387 0.046980337012271785 1.0212810076465075 0.2631548083730458
0 0.8453948110736746 0.15335647627545854 0.8763761353859536 0.1587768499643961 0.8611887974257115 0.24558239659372455 0.8302074765624639 0.24016203749999956
0 0.8085112339483658 0.3385416681209272 0.7784904528622292 0.32095600668320223 0.813106960937489 0.26186342500000104 0.8431275937243754 0.2794490308435051
0 0.9753052772721276 0.485272929735868 1.00808102837982 0.4973187135740395 0.9507718972939756 0.6532383090800135 0.9179962352320672 0.6411926977161115
0 0.8540727750963697 0.6307801532293058 0.8558634351586534 0.6523397924346866 0.5944236432883372 0.6740475041848031 0.59263358593671 0.6524884265625085
0 0.6805033812501051 0.7002314828125097 0.6851248357663735 0.6209776545563422 0.9266141984292062 0.6350555240181156 0.9219948067584482 0.7143073941982363
0 0.8373203440637553 0.7334289563158084 0.8445751490594375 0.7726298388785675 0.4862163117650198 0.8389291862879583 0.47896344379876155 0.7997300021987049
0 0.39519945513211496 0.8058381956024451 0.38773438954808626 0.835224149781845 0.15992156471565977 0.7773596497744478 0.16738717031250872 0.7479745375000236
0 0.45160675540637385 0.671296047011475 0.48523396128166496 0.6781155014130751 0.4385756099943592 0.9081502802410184 0.40494846093747583 0.9013310171875035
0 0.40515718403742085 0.835043694515994 0.3974420847581541 0.864472361005996 0.1862250733207702 0.8091075310075693 0.19394068538201736 0.7796796692009161
0 0.7041851437954847 0.0881620101913999 0.6973201649888097 0.1434985438743349 0.581429270256649 0.12912115572680286 0.5882943374999741 0.0737847234375439