0 0.586715603311859 0.4500061657531238 0.5802450878703667 0.4254449645624871 0.6784198025986825 0.399582547056054 0.6848904214427876 0.42414358777924055
0 0.5198793570292537 0.44532304742174067 0.526630236129904 0.4230370087344384 0.7157151486881048 0.48031002478908974 0.7089646337019531 0.5025957523469475
0 0.5151717989857616 0.43283581206281313 0.5236922911524289 0.4534927008507784 0.3239709716568768 0.5358655780081965 0.31545086541700584 0.5152090158968041
0 0.6950323600188995 0.4455929355752379 0.7320302230683637 0.5757478599390102 0.44022030532516965 0.6586848895391025 0.40322632004404113 0.5285332859084714
0 0.22062732940514707 0.5129217562159121 0.2533358266507548 0.47116793150831265 0.4593643221472803 0.6325475873661087 0.426656863561675 0.6743004565707302
0 0.7159490227624019 0.5272124105201036 0.7601163565105935 0.6284303367486017 0.4915433833600673 0.745605165341101 0.44737942866311187 0.644390102973197
0 0.46426877745432193 0.6763132841251495 0.4286828543407637 0.685484391873906 0.4177476567519989 0.6430585738228838 0.4533332797145704 0.6338875068555818
0 0.43666240646507504 0.7444389765391829 0.42153747180509527 0.788365308037156 0.21258162802746483 0.7164252723408278 0.22770709999997507 0.6724999999999932
0 0.2352885073099742 0.7315734142579076 0.2444006775631351 0.7280211788788858 0.2814169948306926 0.8229581485194988 0.2723048476399299 0.8265103409752111
0 0.3807322722917661 0.8074982513728559 0.377723270483898 0.8193413749065164 0.3386014817164096 0.8094035083420658 0.3416105218750545 0.7975604437499537
0 0.32266725996498735 0.8306880900768425 0.3252908234375127 0.8185597109375535 0.35607656815011524 0.8252177495926033 0.35345306000158416 0.8373460805200028
0 0.3948492329961937 0.9277912489684436 0.39194924975072354 0.9420353127546244 0.31652328551524533 0.9266827014924707 0.31942338281248794 0.9124387921874888