0 0.909841640607624 0.3846540644674823 0.7470690769525845 0.3743402342096735 0.75693618943194 0.21864339793525944 0.9197063967270651 0.22895715262070657
0 0.2942976078124957 0.44994212968749764 0.2880196818048262 0.40925992716615633 0.7566597204177015 0.3369365646017757 0.7629386101846194 0.3776177464236806
0 0.3170786640624783 0.49045138906250724 0.31052540435746323 0.4507388781101521 0.768583155346164 0.37514879522370276 0.775137384504319 0.414860109658191
0 0.7955399329174497 0.4905135409818372 0.7917548399044563 0.4280716904372344 0.8767270428078291 0.42292107721413263 0.8805124807499851 0.48536256119466115
0 0.7824598146905828 0.3964102597172252 0.8405087580407553 0.4274970026553934 0.6863663095916763 0.7153038128189326 0.6283179499674816 0.6842179373088063
0 0.006981512239121912 0.596647087909198 0.004235437566990186 0.5616391958055049 0.25141282160791434 0.5422502131445494 0.25415958354506074 0.577257333007643
0 0.7564276406250201 0.6061921296874476 0.7485507846477049 0.5687877149618922 0.8348819386386594 0.550609158424475 0.8427590060963439 0.5880132857402502
0 0.6921744621286052 0.5520481958509851 0.7037945467374129 0.6500474469458438 0.37434313265134733 0.6891016437890682 0.3627264279971314 0.5911055661875099
0 0.008722704151637117 0.7217779486967013 -0.0023524783957782347 0.6785932033815859 0.3419496937082158 0.5902997803666785 0.35302587174078326 0.6334829892637578
0 0.7407675585620837 0.7047569897064364 0.6832232815029329 0.7263278741477411 0.6651235987437758 0.6780499582828489 0.7226673127357799 0.6564791906842968
0 0.3579583255701664 0.641951139586374 0.3866774620906881 0.6723247976191468 0.28830229679476815 0.7653269214037963 0.25958361250002326 0.7349537031250258
0 0.007606182266727046 0.7901665489068624 0.005641283121235574 0.7605611865134351 0.28601580226541046 0.7419518786328771 0.2879816015442884 0.7715562736187649
0 0.6848300296875323 0.7667824078124945 0.725877714653052 0.7599440196305253 0.7302169464363715 0.7859857087586972 0.6891692668990572 0.7928240755679875